144,3
144,2
144,1
144,0
136,3
136,2
136,1
136,0
128,4
128,3
128,2
128,1
128,0
120,5
120,4
120,3
120,2
120,1
120,0
0,575
0,574
0,573
0,572
0,571
0,570
0,569
0,567
0,566
0,565
0,564
0,563
0,561
0,560
0,559
0,558
0,557
0,556
0,555
0,554
0,552
0,551
0,550
0,547
0,546
0,545
0,544
0,543
0,542
0,541
0,539
0,537
0,536
0,535
0,534
0,533
0,532
0,530
0,529
0,528
0,526
0,525
0,524
0,522
0,520
0,519
0,516
0,515
0,514
0,513
0,512
0,9
0,12
0,521
0,10
0,8
0,0
0,540
0,538
0,523
0,562
0,568
0,527
0,553
0,531
0,518
0,517
0,549
0,548
0,63
0,62
0,61
0,60
0,59
0,58
0,57
0,56
0,55
0,54
0,53
0,52
0,51
0,50
0,49
0,48
0,47
0,46
0,45
0,6
0,5
0,1
0,11
0,4
0,2
0,3
0,7
145,6
145,5
145,4
145,3
145,2
145,1
145,0
137,9
137,8
137,7
137,6
137,5
137,4
137,3
137,2
137,1
137,0
129,19
129,18
129,17
129,16
129,15
129,14
129,13
129,12
129,11
129,10
129,9
129,8
129,7
129,6
129,5
129,4
129,3
129,2
129,1
129,0
121,4
121,3
121,2
121,1
121,0
1,3
1,2
1,1
1,0
0,639
0,638
0,636
0,634
0,632
0,631
0,630
0,629
0,628
0,627
0,622
0,621
0,620
0,618
0,617
0,616
0,612
0,609
0,606
0,605
0,596
0,595
0,593
0,592
0,591
0,590
0,589
0,581
0,580
0,579
0,576
0,582
0,588
0,586
0,585
0,615
0,600
0,614
0,613
0,587
0,611
0,610
0,601
0,607
0,578
0,599
0,598
0,597
0,594
0,637
0,584
0,635
0,583
0,633
0,623
0,603
0,626
0,625
0,602
0,577
0,624
0,604
0,619
0,608
138,25
138,24
138,23
138,22
138,21
138,20
138,19
138,18
138,17
138,16
138,15
138,14
138,13
138,12
138,11
138,10
138,9
138,8
138,7
138,6
138,5
138,4
138,3
138,2
138,1
138,0
130,17
130,16
130,15
130,14
130,13
130,12
130,11
130,10
130,9
130,8
130,7
130,6
130,5
130,4
130,3
130,2
130,1
130,0
122,4
122,3
122,2
122,1
122,0
2,8
2,7
2,6
2,5
2,4
2,3
2,2
2,1
2,0
139,11
139,10
139,9
139,8
139,7
139,6
139,5
139,4
139,3
139,2
139,1
139,0
131,19
131,18
131,17
131,16
131,15
131,14
131,13
131,12
131,11
131,10
131,9
131,8
131,7
131,6
131,5
131,4
131,3
131,2
131,1
131,0
123,5
123,4
123,3
123,2
123,1
123,0
3,6
3,5
3,4
3,3
3,2
3,1
3,0
0,243
0,255
0,254
0,253
0,252
0,251
0,250
0,249
0,248
0,247
0,246
0,245
0,244
0,242
0,241
0,240
0,239
0,238
0,237
0,236
0,235
0,234
0,233
0,232
0,231
0,230
0,229
0,228
0,227
0,226
0,225
0,224
0,223
0,222
0,221
0,220
0,219
0,218
0,217
0,216
0,215
0,214
0,213
0,212
0,211
0,210
0,209
0,208
0,207
0,206
0,205
0,204
0,203
0,202
0,201
0,200
0,199
0,198
0,197
0,196
0,195
0,194
0,193
0,192
140,33
140,32
140,31
140,30
140,29
140,28
140,27
140,26
140,25
140,24
140,23
140,22
140,21
140,20
140,19
140,18
140,17
140,16
140,15
140,14
140,13
140,12
140,11
140,10
140,9
140,8
140,7
140,6
140,5
140,4
140,3
140,2
140,1
140,0
132,20
132,19
132,18
132,17
132,16
132,15
132,14
132,13
132,12
132,11
132,10
132,9
132,8
132,7
132,6
132,5
132,4
132,3
132,2
132,1
132,0
124,5
124,4
124,3
124,2
124,1
124,0
4,3
4,2
4,1
4,0
0,319
0,318
0,317
0,316
0,315
0,314
0,312
0,309
0,306
0,310
0,305
0,308
0,304
0,303
0,302
0,307
0,300
0,299
0,298
0,297
0,296
0,295
0,294
0,293
0,292
0,291
0,290
0,289
0,288
0,287
0,286
0,285
0,284
0,283
0,282
0,281
0,280
0,279
0,278
0,277
0,276
0,275
0,274
0,273
0,272
0,271
0,270
0,269
0,268
0,267
0,266
0,265
0,264
0,263
0,262
0,261
0,301
0,260
0,259
0,258
0,257
0,256
0,313
0,311
141,12
141,11
141,10
141,9
141,8
141,7
141,6
141,5
141,4
141,3
141,2
141,1
141,0
133,12
133,11
133,10
133,9
133,8
133,7
133,6
133,5
133,4
133,3
133,2
133,1
133,0
125,5
125,4
125,3
125,2
125,1
125,0
0,383
0,382
0,381
0,380
0,379
0,378
0,377
0,376
0,375
0,374
0,373
0,372
0,371
0,370
0,368
0,365
0,363
0,362
0,361
0,360
0,359
0,358
0,357
0,356
0,355
0,353
0,352
0,351
0,350
0,349
0,346
0,345
0,344
0,343
0,342
0,341
0,340
0,339
0,338
0,337
0,336
0,335
0,334
0,333
0,330
0,328
0,327
0,326
0,325
0,323
0,322
0,321
0,320
0,332
0,331
0,348
0,347
0,324
0,329
0,369
0,367
0,366
0,354
0,364
142,3
142,2
142,1
142,0
134,5
134,4
134,3
134,2
134,1
134,0
126,4
126,3
126,2
126,1
126,0
0,447
0,446
0,445
0,444
0,443
0,442
0,441
0,440
0,439
0,438
0,437
0,436
0,435
0,434
0,433
0,432
0,431
0,430
0,429
0,428
0,427
0,426
0,425
0,424
0,423
0,422
0,419
0,418
0,417
0,416
0,415
0,414
0,413
0,412
0,411
0,410
0,409
0,408
0,407
0,406
0,405
0,404
0,403
0,402
0,401
0,400
0,399
0,398
0,397
0,396
0,394
0,393
0,392
0,391
0,390
0,389
0,388
0,387
0,386
0,395
0,385
0,384
0,421
0,420
143,3
143,2
143,1
143,0
135,12
135,11
135,10
135,9
135,8
135,7
135,6
135,5
135,4
135,3
135,2
135,1
135,0
127,3
127,2
127,1
127,0
119,4
119,3
119,2
119,1
119,0
0,483
0,481
0,502
0,501
0,500
0,449
0,499
0,498
0,448
0,497
0,496
0,495
0,494
0,493
0,492
0,491
0,490
0,489
0,484
0,482
0,480
0,479
0,478
0,476
0,475
0,474
0,473
0,468
0,467
0,466
0,462
0,458
0,461
0,460
0,459
0,488
0,487
0,456
0,486
0,485
0,510
0,477
0,465
0,464
0,463
0,511
0,509
0,472
0,471
0,470
0,453
0,455
0,508
0,469
0,454
0,507
0,452
0,457
0,451
0,506
0,505
0,504
0,450
0,503
